I'm writing something here to test my code. i hope it will run correctness, hmm. hmm.
2
2
hm, 299 4 15 97 12 57 54 25 34 26 
68 57 22 72 90 16 24 57 89 47 
4 82 84 0 27 65 18 64 2 61 
34 20 60 38 33 76 81 29 21 37 
76 18 57 51 90 65 36 31 62 49 
95 65 12 30 87 41 60 3 72 71 
76 90 33 74 56 13 19 96 34 63 
6 74 43 76 45 16 37 45 78 67 
32 93 64 76 74 5 85 31 35 16 
48 4 99 12 95 78 48 91 94 40 
11 96 59 89 12 50 12 16 18 54 
40 53 40 76 49 67 60 43 85 16 
42 34 77 32 30 66 39 67 19 89 
62 33 13 59 89 30 97 68 62 20 
10 82 2 24 55 72 22 26 5 74 
